time,x,y,z,phi,theta,psi,x_velocity,y_velocity,z_velocity,phi_velocity,theta_velocity,psi_velocity,rotor_speed1,rotor_speed2,rotor_speed3,rotor_speed4
0.06,8.999999742115028,17.000000327797792,19.003571948523383,0.0002975096896218332,0.0002445751046344924,0.0,-2.250915286483782e-05,2.808581369593775e-05,0.11905919953732161,0.013383337498798541,0.011186396341661556,0.0,441.61764209114267,442.53915624790613,443.18207897418336,444.28047182924246
0.12000000000000001,8.999987712128567,17.000013998569525,19.02009726664139,0.001004511205847436,0.001368104735065323,0.0,-0.0005024823169473094,0.0005286561527152977,0.4317190644431922,0.008374328274183265,0.03064699249620941,0.0,498.56989375212964,499.9893836466734,500.6642401555895,500.29959333420084
0.18,8.999915887883473,17.000072027444265,19.05237672916081,0.0011854479255077877,0.0036502086736520667,0.0,-0.0021395995074575797,0.0014496982098296854,0.6441665194469015,-0.010750711611328654,0.04976303834932358,0.0,470.27125332240263,471.7499889596362,472.64071278313185,471.1646307066362
0.23999999999999996,8.999682065977142,17.000185696383117,19.098479765349115,0.0004290227563465976,0.006349270367083548,0.0,-0.006008988453044307,0.002252588310567773,0.89243912569711,-0.016605421266343227,0.03312281588133485,0.0,484.35992145195866,483.10799549168155,480.71586708595584,480.2722095688061
0.3,8.9991716940444,17.000326754896836,19.1565946297662,6.282999270033104,0.008758387921467659,0.0,-0.011246811264423583,0.0023634820810516785,1.0445943135371702,0.00012518530419444642,0.051417880029625565,0.0,453.60389596536584,455.0712858984763,452.93508543875276,454.2785654405575
0.36000000000000004,8.99829050050173,17.00046519566579,19.22373957988465,0.00035800226764948206,0.011760826633560484,0.0,-0.018457595630523106,0.0022859909721577804,1.193423613639534,0.02270372734606351,0.04713427016035782,0.0,453.74677711072076,453.40431770084916,451.99937043494987,453.8150459926835
0.4200000000000001,8.996865762614751,17.00061801030762,19.303515105899617,0.0014439591361989912,0.01457572793366424,0.0,-0.02938949942070476,0.002966354024246899,1.4654476623873816,0.006777194269646766,0.04647302205921889,0.0,489.85231259924797,489.8042366321762,490.4894030922947,489.3052165292127
0.48000000000000015,8.994676672301274,17.000839693403552,19.401968857027054,0.0023733827577174793,0.01760130504201385,0.0,-0.043978359346460744,0.004520830805963861,1.8158491041158726,0.02885466291239511,0.05734527079305649,0.0,511.7800008885916,512.5544152518103,511.5732502949099,513.1426175626966
0.5400000000000001,8.991586511964183,17.00117752932018,19.51801281754484,0.003983712974658715,0.020662240668651854,0.0,-0.0594224871120384,0.0069437231475739485,2.051881411507508,0.022467854437578434,0.03370410663951312,0.0,482.1044139549233,480.31631404971284,481.537363157718,481.05411590712794
0.6000000000000002,8.987618373285171,17.001675146853955,19.642615081940217,0.005220779785179097,0.022446934053184542,0.0,-0.07302830493535772,0.009765579807913724,2.1014324969492075,0.016634419916662462,0.020339552560239754,0.0,425.5101307037423,424.3648508790795,424.94495488928203,424.44464110054156
0.6600000000000003,8.98272617381125,17.00238272103873,19.773555847505495,0.006144156370734066,0.023331062686430926,0.0,-0.09015887499573777,0.013925415190034825,2.2629500547873103,0.012776037716033053,0.00012115008715563036,0.0,460.68091797827606,459.0794256951855,460.7701853774663,460.4649624235367
0.7200000000000003,8.976755372917728,17.00336953224034,19.915726753231155,0.007003929661361319,0.023070545249288088,0.0,-0.1088451876369544,0.01906222306939934,2.4756433317771216,0.01726832744248008,-0.015233399472739335,0.0,477.1538624598803,475.98035224699146,475.48864241898843,475.83252956724044
0.7800000000000004,8.969723569387648,17.00467121540556,20.06845789757326,0.008582387526063329,0.02253947119582911,0.0,-0.12546614892411917,0.024470592879590917,2.615086208647904,0.040056714294987944,0.001562374767850849,0.0,454.7999427489698,456.14326853248025,453.81962880690696,455.64518854565347
0.8400000000000004,8.961741935905984,17.006320694640763,20.227775899562232,0.011052720487798595,0.023164197737500558,0.0,-0.14062414046431526,0.030751835145310588,2.695323865400907,0.04331419550714415,0.02393909892887519,0.0,436.58353188424996,438.44647951706395,436.8955408682416,437.1679759910618
0.9000000000000005,8.9527807701297,17.008423479206062,20.394170282463456,0.013218401918475564,0.02467405542369594,0.0,-0.1582353123775563,0.03960645593683114,2.8507725357168217,0.014959838708420109,0.027508224679868416,0.0,460.6348309739772,460.9170664017751,462.3949166869388,460.1562974719351
0.9600000000000005,8.942727766784017,17.01110041250349,20.569913488069663,0.014969724120831529,0.026300767034276085,0.0,-0.17703590863874746,0.04977550748617946,3.006928259934001,0.04835162092373238,0.02630722841789581,0.0,462.1746404887726,462.0801144933905,460.626122865262,463.2594343374761
1.0200000000000005,8.931558650299982,17.014406068922373,20.753216487936445,0.018308489899740543,0.027884340786617834,0.0,-0.1954218570734239,0.06072828365239472,3.102904437905332,0.06725291767766915,0.026563658587615866,0.0,444.7025928930798,444.72374344336123,443.2488801741719,444.80154406582324
1.0800000000000005,8.919335727538346,17.01838601361831,20.93936441659473,0.022596594147955784,0.029532336598986575,0.0,-0.212150629256438,0.07229977661254999,3.10201529546275,0.07878662695298079,0.029213676055153164,0.0,413.99865010069374,414.23200532127066,412.2597751927117,413.28196489281316
1.1400000000000006,8.905974876496664,17.023219590168033,21.128932875880817,0.027458042827864126,0.031831829907392084,0.0,-0.23341768434872814,0.08931136622516567,3.2165957289664497,0.08515820601810137,0.05215706326474227,0.0,449.5226509324226,451.3787014568466,450.83862512421996,451.35832743805463
1.2000000000000006,8.89127914750456,17.02918139691304,21.32549695303597,0.032143211125975846,0.03592783409531464,0.0,-0.256819525304637,0.10992482494467558,3.335168401302965,0.05764419699987654,0.08910066368565109,0.0,451.46306441070385,454.43724864154456,453.61135996423275,451.4009307904433
1.2600000000000007,8.875100848566312,17.03645875094913,21.528743214898967,0.03547030680628005,0.0411840669439405,0.0,-0.2829899938694549,0.13299110151585272,3.439359789193055,0.05066198975906021,0.08443071721837332,0.0,449.45738323733906,449.0849983893556,449.13878069751195,448.5741559080169
1.3200000000000007,8.857300124787965,17.04513724347706,21.736840599323425,0.0383293068721251,0.047847867686191314,0.0,-0.31094562964702765,0.15656743601639034,3.4970003300751245,0.040821180625583216,0.13925288089798424,0.0,432.6013548043527,437.2030493754059,435.6856451421217,434.8634743620018
1.3800000000000008,8.837454763425482,17.055462910320852,21.9530136222228,0.040757880711267624,0.05584223550153844,0.0,-0.3515062049929325,0.18788191719058475,3.7080325484289656,0.039777435027460846,0.11716163647539546,0.0,483.47795311403974,481.8251398664716,482.0691128652474,481.9909443569341
1.4400000000000008,8.815046654476603,17.067684809549807,22.18084047266042,0.043716894654186156,0.06266348373423902,0.0,-0.39618401173184375,0.21979620987332352,3.8855344549086825,0.06364388055883831,0.10563989706549196,0.0,474.9266661645286,474.0526421236735,472.5863452633291,474.4237464245243
1.5000000000000009,8.789979849192559,17.08177211277016,22.416546585506406,0.047801660959203573,0.06923201520622868,0.0,-0.44000267361589906,0.25016023027019346,3.9709646817636726,0.07572930267697872,0.11620959167529996,0.0,446.6888070432816,447.56040815769114,447.11890119271635,448.1058953583343
1.560000000000001,8.762306175575633,17.09765728244202,22.655136735162102,0.052087500411083454,0.07578207625746014,0.0,-0.4830566624913551,0.27973382593798324,3.9819184419220837,0.06104071075792775,0.08887156011106245,0.0,425.402628638084,423.0657788362411,424.831068869766,423.57375485765914
1.620000000000001,8.731815494778155,17.115473716381484,22.89593857261089,0.05611778566925274,0.08150795484318696,0.0,-0.5338185507470605,0.3145047087347718,4.04450320770893,0.07724050334968559,0.10607568001699258,0.0,439.82227749365666,441.2526587445391,441.240505668382,442.5792981381707
1.680000000000001,8.698034062293788,17.135546511794377,23.14204097601925,0.06063170000187057,0.08773995219291653,0.0,-0.592851144197014,0.3550357660086138,4.158387877373293,0.070880015201878,0.09903987776371917,0.0,459.030369205815,458.48066447696715,457.33502141750034,456.8323516066778
1.740000000000001,8.660730557894194,17.158040527157087,23.393273571643572,0.06444686323199633,0.09322929356021525,0.0,-0.6511348683712423,0.3951382442209632,4.215712713746253,0.042108492078456336,0.06876171989949958,0.0,442.8433527154864,440.35224418070237,442.256068254119,439.88246732864746
1.8000000000000012,8.62002268121769,17.18287461667243,23.645887430530717,0.06662843442483268,0.09709545142252551,0.0,-0.7061432930161589,0.4328661068929285,4.204710036291114,0.02123320310755068,0.053964545826440224,0.0,419.74073140518004,418.4577285451756,421.150924073947,419.34191412853363
1.8600000000000012,8.575775293750898,17.210124294428176,23.899598700203573,0.06843040425233138,0.10061786571813602,0.0,-0.7690742065703609,0.4755866106362772,4.252076292303074,0.043498481089084357,0.06681240531155147,0.0,438.14282271905597,439.21220166272354,438.1871910960496,440.03468380104283
1.9200000000000013,8.527523928416956,17.240081192978845,24.15768250707662,0.07115737694722579,0.10481647050625753,0.0,-0.8396868247145903,0.5232142344890359,4.350238165546576,0.049089979587045494,0.07565127633211893,0.0,454.66595566350156,455.37720104452535,455.68043625083806,456.1283777562488
1.9800000000000013,8.475464191246273,17.272602039762525,24.41676747320915,0.07434736307385759,0.10953610312379691,0.0,-0.89602684216321,0.5610623201332671,4.2860724138028905,0.06027411548769172,0.08408316369285791,0.0,402.2174803291382,402.98610486387645,403.33562672019985,404.34671687075326
2.0400000000000014,8.420020210033325,17.30739519823397,24.671332028111667,0.07814910423300603,0.11428031654709603,0.0,-0.9525115835357458,0.5990011087143204,4.199628382558912,0.06891401457459824,0.06646479429955028,0.0,396.34469800060106,394.72765506274004,394.11317411997436,394.91448597249075
2.1000000000000014,8.360002975667284,17.34528212048789,24.930308699680943,0.08239245967136277,0.1182697613441297,0.0,-1.0484481832083787,0.6643224780725593,4.4318783560935495,0.0741126915819178,0.0665425758935673,0.0,495.9400437139768,495.9485444408093,495.136903814052,495.52250206098245
2.1600000000000015,8.294907025403889,17.386652432419346,25.19671101964211,0.0876590250977376,0.12265338799983105,0.0,-1.1217905604268412,0.7151127007727267,4.447985683211261,0.10640085748149868,0.0836507858378666,0.0,430.16467243195575,431.61538485286053,431.60977944767586,434.33278311444536
2.2200000000000015,8.22519812552159,17.431260579389384,25.465082308035438,0.0939649696572964,0.12733255307050584,0.0,-1.2022798784437536,0.7723921597899874,4.4973359676939735,0.10236183758320788,0.06316884259734316,0.0,444.47833886720224,442.80111161003936,442.8987848348276,442.57611816478135
2.2800000000000016,8.150678287060478,17.479346228327703,25.735568910034782,0.10097192730717719,0.1308549792722964,0.0,-1.28204113343678,0.8310412867907758,4.518613485060262,0.13611148703476633,0.04782638573046044,0.0,435.2011225758517,433.9173237195684,433.9393254097448,436.7754268733003
2.3400000000000016,8.071039365515398,17.531290898101496,26.0093303061921,0.1090908710844598,0.13396564701996283,0.0,-1.372848560127585,0.9012085095352188,4.606186364901238,0.13367661427933933,0.05886290041233716,0.0,456.3667593588911,457.2485678875626,456.60408988036573,456.4261519279108
2.4000000000000017,7.985805442201763,17.587670599542115,26.288878291748,0.11751277995941223,0.13826809523879025,0.0,-1.4686377442766057,0.9788899141708965,4.7113754932561,0.15117670874584668,0.08954238753230317,0.0,461.8525566866737,464.26972684861477,462.91846483281773,464.3108439698535
2.4600000000000017,7.894454068978514,17.649115987747123,26.576609818902128,0.1261716660731116,0.14442951932696424,0.0,-1.5769621689257096,1.0701687207465693,4.878600280891319,0.12482442870635736,0.12081835848117145,0.0,482.5963229739777,484.9593614283798,484.1904127484186,482.2207620713456
2.520000000000002,7.7965981854457445,17.716097973615838,26.87334519045634,0.1338088210507209,0.1515878946760436,0.0,-1.6855814878877042,1.1632541203346198,5.0116068602388255,0.13179873447330553,0.11609952580054983,0.0,475.7168550989814,475.3671211255033,475.17700995616406,475.7250124416387
2.580000000000002,7.69171951058475,17.789130913074008,27.180245553018754,0.14166007656052582,0.158678126371675,0.0,-1.8110495498737162,1.2719225962818959,5.217011107132783,0.1288972103698645,0.12201697941033919,0.0,498.6409092243987,499.08390924657624,498.6713844791456,498.47303058804516
2.640000000000002,7.579492634375302,17.86855055689927,27.49723421897394,0.1494776151689141,0.1655520037616407,0.0,-1.9305022822999396,1.3760796981471366,5.348197343923653,0.13294322549249002,0.09233678053657185,0.0,480.5204113451398,478.27504760779607,479.9170580589768,480.23827235893276
2.700000000000002,7.460113686013912,17.954238447649537,27.821087609778953,0.1569992200984469,0.17055822925219566,0.0,-2.0492598333966985,1.4808473481398734,5.446002092980509,0.10248129113287123,0.05228807296097793,0.0,472.94694114846,469.8564402515659,473.4167525885725,471.0794290215403
2.760000000000002,7.333617148721876,18.046255797438107,28.15014631245754,0.16308925413265207,0.1741509468260567,0.0,-2.16755982072371,1.5868798803957866,5.521867170765676,0.09946492280433328,0.07186150251222513,0.0,466.04623159618603,467.5761487013081,467.10175590190875,466.8747932869357
2.820000000000002,7.199971834015483,18.144720296375777,28.48354150133792,0.1687219958652948,0.178379484127678,0.0,-2.287635306511751,1.695710049671008,5.590546633907874,0.07934289206586381,0.06755051359513364,0.0,465.54570145220106,465.21174585763134,467.94709239051053,466.38463380080907
2.880000000000002,7.059845441998317,18.249056122914116,28.816589942009507,0.1740166497126454,0.18234294807394225,0.0,-2.383625730238307,1.7825343123648105,5.511132587508366,0.1018247214519614,0.06289294068880719,0.0,419.6485661339602,419.24750091681557,418.62601234402814,420.58492952564046
2.940000000000002,6.9131808911652755,18.359347273113098,29.14861989731267,0.18062237032717565,0.18660029079835816,0.0,-2.5055283435953193,1.8943141993914054,5.555856451741618,0.12291694440705811,0.08352624615167122,0.0,459.1112982791648,460.7493505938159,459.9001509433067,461.57808355917086
3.000000000000002,6.759130603135956,18.476445016886615,29.483173239581003,0.1879233877135098,0.19157712414938022,0.0,-2.6299000805579147,2.00949394718797,5.595201367976554,0.11909795869320018,0.08176405313645736,0.0,460.6181950195486,460.4841225142476,459.8658524643752,459.57602098938014
3.0600000000000023,6.598103825064527,18.60001252965958,29.817069379423728,0.19518716309709028,0.1960445313959296,0.0,-2.7380916162019213,2.1099508246762912,5.534511165785742,0.12472526140492703,0.05291941429872646,0.0,429.7815462872679,427.33350685095604,429.0882881610972,429.57962642254967
3.1200000000000023,6.4298742670423135,18.73033719092472,30.150408923214254,0.20316389681532332,0.19913677834317411,0.0,-2.8698066832350704,2.2347791735141764,5.5760534784166165,0.14570364596329408,0.048620554998102326,0.0,462.9416379079731,462.60477262625136,461.91312042620535,463.58007252360125
3.1800000000000024,6.25419345440847,18.86777227352241,30.48366681530203,0.21172277680902063,0.2015513996965943,0.0,-2.986494206338697,2.3470285209774273,5.532251201529098,0.13571272378294572,0.012807295875336055,0.0,437.7881987810014,434.7981343844353,437.44141879175237,436.62775053363794
3.2400000000000024,6.070517136354082,19.01305429414676,30.818783812669555,0.22127749659464602,0.20194440892786059,0.0,-3.1359990969872236,2.49639479343957,5.637158011501785,0.185561326347731,-0.010486666471191203,0.0,486.23226017450725,484.48361195822645,481.95815019187773,485.7317930944323
3.3000000000000025,5.878573380550394,19.166717747875733,31.15670277866023,0.23287633910072447,0.2014014505025612,0.0,-3.262100383252193,2.6265958474396385,5.626279510633294,0.2054887606169958,-0.0063192745969186635,0.0,450.93092429589655,451.2676480079041,449.4506377817541,451.09863865393135
3.3600000000000025,5.678831451721881,19.328645309371872,31.49498186384909,0.24509745094259028,0.2009094713639641,0.0,-3.3959063799053366,2.771940204485938,5.6488887787562065,0.19981644615079697,-0.012254007776086796,0.0,462.22371035478454,461.7557819338328,463.6200621664962,463.2129047636854
3.4200000000000026,5.471264037431106,19.499254287475413,31.833552009827827,0.2567549342224522,0.19970015448108036,0.0,-3.522960135222902,2.9159127029071663,5.636189099474917,0.17998560736927396,-0.04476169487423021,0.0,455.10297516520575,452.49280064242276,453.0351265000577,451.47318049891845
3.4800000000000026,5.256556670290875,19.678087860241963,32.16902793636719,0.26843491099375694,0.19662699297433495,0.0,-3.6338812796326456,3.04603868737617,5.546274538680127,0.21422262354745988,-0.06904087057854968,0.0,429.0288798570006,426.9599150191793,427.1264298326588,430.07429370659366
3.5400000000000027,5.034690578287004,19.86561418864907,32.50163769207819,0.28093272568262684,0.1932131708203153,0.0,-3.7613738638081933,3.2057932417739785,5.540074052279998,0.1925602930041642,-0.03976171062148296,0.0,456.28369661136173,458.61335215903,456.67208965086326,454.9815384264183
3.6000000000000028,4.805711544863328,20.062208030846286,32.83133528301955,0.2925095251254328,0.19080545472031307,0.0,-3.8712210860349443,3.3481598951356744,5.449704443393583,0.19370717924051703,-0.04087246880252106,0.0,430.01123751772195,429.9162232762255,429.54054204386694,429.67551615258867
3.660000000000003,4.569486840019984,20.268509522889936,33.15887271078526,0.30379300539475995,0.18840711602752247,0.0,-4.0027242460685235,3.5293516534853167,5.467345026782142,0.17331598311427485,-0.03823061473540971,0.0,465.95449939121994,466.16029943720264,467.1347399485967,465.57376038209435
3.720000000000003,4.325640545661775,20.485474076918603,33.48615597745322,0.3138606188821278,0.1858516151796854,0.0,-4.125347497210458,3.7034770155689207,5.441521517838181,0.1534922604755867,-0.05317107980326439,0.0,455.5388015368588,454.3412162281026,453.61241134899734,452.0433499189817
3.780000000000003,4.0746217830217955,20.712762155755787,33.81100100751752,0.3233894292714927,0.18300099890951582,0.0,-4.241813917071985,3.8733992403637316,5.386285756815863,0.1677495577546874,-0.038087875479929076,0.0,444.8281018083532,446.06045691754844,444.5046715248777,445.6955189459287
3.840000000000003,3.8171817769923613,20.949428426907836,34.12965825852326,0.33332050309322714,0.1804877375045102,0.0,-4.3395815128511,4.016162530968073,5.235818537281008,0.1606399162426632,-0.05084001876933287,0.0,413.3239827150014,412.1971047913357,412.9290202891849,412.3296171683629
3.900000000000003,3.5529460618101445,21.196460773039913,34.444105287936786,0.34257017661608646,0.17709282341973864,0.0,-4.468026519615308,4.218784953701164,5.244921828057704,0.13627881407439105,-0.07167857934525204,0.0,466.95033903512467,465.3193056198661,469.0737087079863,467.19832877988347
3.960000000000003,3.28148040095669,21.45495356068372,34.75671789775577,0.3508620368092359,0.17293030436981294,0.0,-4.5806457370335885,4.398129525792612,5.175248678238186,0.14177910060894106,-0.0651286054120306,0.0,442.2754135719898,442.8110146837248,442.4184041798225,442.8889210520793
4.020000000000002,3.002935872170894,21.725014302852745,35.06702195056079,0.3596031269913169,0.16882195418434787,0.0,-4.703895370481743,4.604333272954763,5.167518639093971,0.1525253655580432,-0.07617298379292742,0.0,463.66797582852445,462.7958867580337,464.3130319765635,465.17430152304456
4.080000000000001,2.7172052626330405,22.00722606214327,35.37589209758414,0.368386385470556,0.16444554022250202,0.0,-4.820206109992995,4.803210415140258,5.127639335677105,0.12984279638507568,-0.0671556732398538,0.0,454.6251452573356,455.34325774500127,455.68519628571477,453.8870648504362
4.14,2.424330423341832,22.3019250312551,35.683471227799984,0.37607817221841433,0.16047056195443776,0.0,-4.9420126248364085,5.02039450286903,5.1242615163308205,0.1246857056923255,-0.06449733038499735,0.0,467.3674138149113,467.57159080280525,468.885339402232,468.4984895181115
4.199999999999998,2.1245511131268295,22.608912312969586,35.988678160712524,0.383764302271004,0.15726064828545017,0.0,-5.050519003496619,5.212874961244125,5.04901986099212,0.1341776644845323,-0.03755657610289312,0.0,444.6249948410023,446.8252359810611,445.1174604262117,445.90867206256445
4.259999999999997,1.8181299044129673,22.927871203585806,36.29016854276452,0.3922542458352787,0.15468277301923639,0.0,-5.16344160189572,5.419428741056188,5.000101579479663,0.153133014598858,-0.05689241747847962,0.0,455.9889170549178,454.44013200320023,454.7254747822297,456.25965959809156
4.319999999999996,1.5046882888681878,23.25995744173272,36.59019625590481,0.4011146026818988,0.15105270025419681,0.0,-5.284371930760643,5.6504394273061385,4.999899656056937,0.13358232317738172,-0.0689209576684861,0.0,473.79206957328586,472.8637145583734,473.0309108195735,471.5413527239921
4.379999999999995,1.1850356111215707,23.603392441921027,36.8839973121061,0.4091125650909584,0.14686674488171292,0.0,-5.3707932367229105,5.797935611430347,4.794044473337089,0.13272801847303645,-0.0715108275142887,0.0,402.5735804511658,402.33482420640945,401.8380323255431,401.7789781214571
4.439999999999993,0.8599528727231763,23.956409795912606,37.166996002509286,0.41687053311433164,0.14294492438372597,0.0,-5.465288234873982,5.969740499357475,4.639449746386482,0.1213765838187055,-0.05527220420084648,0.0,419.0325425422883,420.43872777965595,420.88151066033896,419.9138659174441
4.499999999999992,0.52911470029331,24.320055962865286,37.44129634363329,0.4240955045793138,0.13944150214066653,0.0,-5.562649779702533,6.152125716229662,4.503960254162141,0.1184247256207787,-0.06549457338754966,0.0,427.75480305113655,426.88056224644254,426.016946448219,425.7781569031092
4.559999999999991,0.1924533936088233,24.69466268144256,37.707377083103395,0.4313716575387838,0.13527314136197344,0.0,-5.659364606731026,6.335084889341568,4.365499583340448,0.12642019892109727,-0.07892791638785132,0.0,425.923473785308,424.768692199899,424.98302420221165,425.68196150505594
4.6199999999999894,-0.15062141927454997,25.082235481030164,37.969330931921284,0.4386714454638385,0.13039883724638734,0.0,-5.776151912830197,6.584086904668345,4.365451938048941,0.10987997143206174,-0.08631047175881972,0.0,473.2023861994254,472.6286651115731,474.3106721735816,473.0505897957563
4.679999999999988,-0.5001569461597939,25.483178565716965,38.22776303302263,0.44480918320660834,0.12532536544409556,0.0,-5.874913670189097,6.780892393299239,4.248972697116744,0.0794024494487384,-0.08126685431557214,0.0,434.3861709039636,434.80299981720975,436.53020078998054,433.98761858126005
4.739999999999987,-0.856073567160467,25.8976064503534,38.482658202740915,0.4501462404072303,0.12087969328584158,0.0,-5.988702929703898,7.033193993452752,4.246831037236189,0.10328428367784609,-0.0626463390108094,0.0,474.0655363704074,475.4905116463768,472.9551468708807,474.79728202551
4.799999999999986,-1.218929206640395,26.32771742671378,38.7384613213679,0.4564088530933761,0.11795949486176216,0.0,-6.106269830542449,7.303622771931683,4.278840040610763,0.10647543975978656,-0.029745613163169666,0.0,486.6299286243544,489.08564025169204,486.4417621886649,486.68919151856943
4.859999999999984,-1.5885140122039498,26.772913215516144,38.99373365700503,0.46337107160570135,0.11664975455470294,0.0,-6.213241481009212,7.5361802339709,4.229583809611459,0.13038244734273322,-0.009434939684150578,0.0,462.3792035505332,463.9769738403487,461.3271444689094,463.22272759819117
4.919999999999983,-1.9641405719749758,27.230578951473884,39.242965181652785,0.47107835307132273,0.11602598259965635,0.0,-6.307821616815018,7.719551853949085,4.078105628622943,0.12429460261208797,-0.012391563455263882,0.0,427.9342959099253,427.68258027104764,428.48365807729795,427.98136769407563
4.979999999999982,-2.3459347770070336,27.70107276804577,39.48659983330845,0.4785213215843802,0.11488302445911014,0.0,-6.418698565616592,7.963466163833443,4.042179045921151,0.12355516140703397,-0.037701627956452564,0.0,469.7032916701878,467.7357031213477,469.5114604999216,469.46713394575687
5.0399999999999805,-2.7336469707397075,28.18321843452433,39.72221847286422,0.4859302480163672,0.11293119954395348,0.0,-6.50525206875167,8.108425339992875,3.812395435709938,0.12333574559335349,-0.023800295068253867,0.0,399.76771137259595,401.0323172956879,399.2088294089204,399.2045159600085
